25
NULL 0 Common 0
Joined 7 0,255,0,255,0,0,0,0,0,0 Latin 1 0 1 Joined	# Joined [4a 6f 69 6e 65 64 ]a
|Broken|0|1 f 0,255,0,255,0,0,0,0,0,0 Common 2 10 2 |Broken|0|1	# Broken
W 5 0,255,0,255,0,0,0,0,0,0 Latin 3 0 3 W	# W [57 ]A
P 5 0,255,0,255,0,0,0,0,0,0 Latin 4 0 4 P	# P [50 ]A
N 5 0,255,0,255,0,0,0,0,0,0 Latin 5 0 5 N	# N [4e ]A
C 5 0,255,0,255,0,0,0,0,0,0 Latin 6 0 6 C	# C [43 ]A
- 10 0,255,0,255,0,0,0,0,0,0 Common 7 3 7 -	# - [2d ]p
4 8 0,255,0,255,0,0,0,0,0,0 Common 8 2 8 4	# 4 [34 ]0
7 8 0,255,0,255,0,0,0,0,0,0 Common 9 2 9 7	# 7 [37 ]0
6 8 0,255,0,255,0,0,0,0,0,0 Common 10 2 10 6	# 6 [36 ]0
0 8 0,255,0,255,0,0,0,0,0,0 Common 11 2 11 0	# 0 [30 ]0
A 5 0,255,0,255,0,0,0,0,0,0 Latin 12 0 12 A	# A [41 ]A
V 5 0,255,0,255,0,0,0,0,0,0 Latin 13 0 13 V	# V [56 ]A
1 8 0,255,0,255,0,0,0,0,0,0 Common 14 2 14 1	# 1 [31 ]0
3 8 0,255,0,255,0,0,0,0,0,0 Common 15 2 15 3	# 3 [33 ]0
9 8 0,255,0,255,0,0,0,0,0,0 Common 16 2 16 9	# 9 [39 ]0
D 5 0,255,0,255,0,0,0,0,0,0 Latin 17 0 17 D	# D [44 ]A
8 8 0,255,0,255,0,0,0,0,0,0 Common 18 2 18 8	# 8 [38 ]0
K 5 0,255,0,255,0,0,0,0,0,0 Latin 19 0 19 K	# K [4b ]A
H 5 0,255,0,255,0,0,0,0,0,0 Latin 20 0 20 H	# H [48 ]A
5 8 0,255,0,255,0,0,0,0,0,0 Common 21 2 21 5	# 5 [35 ]0
T 5 0,255,0,255,0,0,0,0,0,0 Latin 22 0 22 T	# T [54 ]A
R 5 0,255,0,255,0,0,0,0,0,0 Latin 23 0 23 R	# R [52 ]A
2 8 0,255,0,255,0,0,0,0,0,0 Common 24 2 24 2	# 2 [32 ]0
